map
		.byte 32,33,32,33,32,33,32,33,32,33,32,33,32,33,32,33,32,33,32,33,32,33,32,33,32,33,32,33,32,33,32,33,32,33,32,33,32,33,12,13
		.byte 32,33,2,3,4,5,4,5,4,5,4,5,4,5,4,5,4,5,4,5,4,5,4,5,4,5,4,5,4,5,4,5,4,5,4,5,32,33,6,7
		.byte 32,33,6,7,0,1,0,1,0,1,0,1,0,1,0,1,0,1,0,1,0,1,0,1,0,1,0,1,0,1,0,1,0,1,0,1,32,33,6,7
		.byte 32,33,6,7,0,1,0,1,0,1,0,1,0,1,0,1,0,1,0,1,0,1,0,1,0,1,0,1,0,1,0,1,0,1,0,1,32,33,6,7
		.byte 32,33,6,7,0,1,0,1,0,1,0,1,0,1,0,1,0,1,0,1,0,1,0,1,0,1,0,1,0,1,0,1,0,1,0,1,32,33,6,7
		.byte 32,33,6,7,0,1,0,1,0,1,0,1,0,1,0,1,0,1,0,1,0,1,0,1,0,1,0,1,0,1,0,1,0,1,0,1,32,33,6,7
		.byte 32,33,6,7,0,1,0,1,0,1,0,1,0,1,0,1,0,1,0,1,0,1,0,1,0,1,0,1,32,33,32,33,32,33,32,33,32,33,6,7
		.byte 32,33,6,7,0,1,0,1,0,1,0,1,0,1,0,1,0,1,0,1,0,1,0,1,0,1,0,1,32,33,12,13,48,49,50,51,32,33,6,7
		.byte 32,33,6,7,0,1,0,1,0,1,0,1,0,1,0,1,64,65,66,67,68,69,70,71,0,1,0,1,32,33,6,7,0,1,0,1,32,33,6,7
		.byte 32,33,6,7,0,1,0,1,0,1,0,1,0,1,0,1,0,1,0,1,0,1,0,1,0,1,0,1,32,33,6,7,0,1,80,81,32,33,6,7
		.byte 32,33,32,33,32,33,32,33,32,33,32,33,32,33,32,33,32,33,32,33,32,33,32,33,32,33,32,33,32,33,32,33,32,33,32,33,32,33,6,7
		.byte 10,11,4,5,4,5,4,5,4,5,4,5,4,5,4,5,4,5,4,5,4,5,4,5,4,5,4,5,4,5,4,5,4,5,4,5,4,5,8,9
